%Vec Object: 1 MPI processes
%  type: seq
%Vec Object: Vec_0x887c30_0 1 MPI processes
%  type: mpi
Vec_ex5_0 = [
0.0000000000000000e+00
0.0000000000000000e+00
0.0000000000000000e+00
0.0000000000000000e+00
0.0000000000000000e+00
0.0000000000000000e+00
4.2307692307692307e-01
4.2307692307692307e-01
4.2307692307692307e-01
0.0000000000000000e+00
0.0000000000000000e+00
4.2307692307692307e-01
5.9832112254246328e-01
4.2307692307692307e-01
0.0000000000000000e+00
0.0000000000000000e+00
4.2307692307692307e-01
4.2307692307692307e-01
4.2307692307692307e-01
0.0000000000000000e+00
0.0000000000000000e+00
0.0000000000000000e+00
0.0000000000000000e+00
0.0000000000000000e+00
0.0000000000000000e+00
];
